
Step: 0
1.000 1.000 1.000 1.000 1.000 1.000 
1.000 10.000 8.200 10.000 6.400 1.000 
1.000 8.200 10.000 10.000 10.000 1.000 
1.000 10.000 10.000 10.000 8.200 1.000 
1.000 6.400 10.000 8.200 10.000 1.000 
1.000 1.000 1.000 1.000 1.000 1.000 


Step: 30
1.000 1.000 1.000 1.000 1.000 1.000 
1.000 1.085 1.121 1.138 1.075 1.000 
1.000 1.121 1.224 1.196 1.138 1.000 
1.000 1.138 1.196 1.224 1.121 1.000 
1.000 1.075 1.138 1.121 1.085 1.000 
1.000 1.000 1.000 1.000 1.000 1.000 


Step: 60
1.000 1.000 1.000 1.000 1.000 1.000 
1.000 1.002 1.002 1.003 1.001 1.000 
1.000 1.002 1.004 1.004 1.003 1.000 
1.000 1.003 1.004 1.004 1.002 1.000 
1.000 1.001 1.003 1.002 1.002 1.000 
1.000 1.000 1.000 1.000 1.000 1.000 


Step: 90
1.000 1.000 1.000 1.000 1.000 1.000 
1.000 1.000 1.000 1.000 1.000 1.000 
1.000 1.000 1.000 1.000 1.000 1.000 
1.000 1.000 1.000 1.000 1.000 1.000 
1.000 1.000 1.000 1.000 1.000 1.000 
1.000 1.000 1.000 1.000 1.000 1.000 

TIME 0.00005 s
00 01 02 03 04 05 
10 11 12 13 14 15 
20 21 22 23 24 25 
30 31 32 33 34 35 
40 41 42 43 44 45 
50 51 52 53 54 55 
0 1 0 1 0 1 
1 0 1 0 1 0 
0 1 0 1 0 1 
1 0 1 0 1 0 
0 1 0 1 0 1 
1 0 1 0 1 0 
Final:
1.000000 1.000000 1.000000 1.000000 1.000000 1.000000 
1.000000 1.000008 1.000014 1.000013 1.000009 1.000000 
1.000000 1.000014 1.000020 1.000023 1.000013 1.000000 
1.000000 1.000013 1.000023 1.000020 1.000014 1.000000 
1.000000 1.000009 1.000013 1.000014 1.000008 1.000000 
1.000000 1.000000 1.000000 1.000000 1.000000 1.000000 
