
Step: 0
1.000 1.000 1.000 1.000 1.000 1.000 
1.000 10.000 8.200 10.000 6.400 1.000 
1.000 8.200 10.000 10.000 10.000 1.000 
1.000 10.000 10.000 10.000 8.200 1.000 
1.000 6.400 10.000 8.200 10.000 1.000 
1.000 1.000 1.000 1.000 1.000 1.000 
MAX CHANGE: 3.600000


Step: 30
1.000 1.000 1.000 1.000 1.000 1.000 
1.000 1.085 1.121 1.138 1.075 1.000 
1.000 1.121 1.224 1.196 1.138 1.000 
1.000 1.138 1.196 1.224 1.121 1.000 
1.000 1.075 1.138 1.121 1.085 1.000 
1.000 1.000 1.000 1.000 1.000 1.000 
MAX CHANGE: 4.320000


Step: 60
1.000 1.000 1.000 1.000 1.000 1.000 
1.000 1.002 1.002 1.003 1.001 1.000 
1.000 1.002 1.004 1.004 1.003 1.000 
1.000 1.003 1.004 1.004 1.002 1.000 
1.000 1.001 1.003 1.002 1.002 1.000 
1.000 1.000 1.000 1.000 1.000 1.000 
MAX CHANGE: 4.320000


Step: 90
1.000 1.000 1.000 1.000 1.000 1.000 
1.000 1.000 1.000 1.000 1.000 1.000 
1.000 1.000 1.000 1.000 1.000 1.000 
1.000 1.000 1.000 1.000 1.000 1.000 
1.000 1.000 1.000 1.000 1.000 1.000 
1.000 1.000 1.000 1.000 1.000 1.000 
MAX CHANGE: 4.320000

Final:
1.000000 1.000000 1.000000 1.000000 1.000000 1.000000 
1.000000 1.000001 1.000001 1.000001 1.000001 1.000000 
1.000000 1.000001 1.000001 1.000002 1.000001 1.000000 
1.000000 1.000001 1.000002 1.000001 1.000001 1.000000 
1.000000 1.000001 1.000001 1.000001 1.000001 1.000000 
1.000000 1.000000 1.000000 1.000000 1.000000 1.000000 
TIME 0.00063 s
